,B2CL1_HUMAN_1G5J_A_holo,B2CL1_HUMAN_2M04_A_holo,B2CL1_HUMAN_2P1L_A_holo,B2CL1_HUMAN_2P1L_C_holo,B2CL1_HUMAN_2P1L_E_holo,B2CL1_HUMAN_2P1L_G_holo,B2CL1_HUMAN_2PON_B_holo,B2CL1_HUMAN_3FDL_A_holo,B2CL1_HUMAN_3IO8_A_holo,B2CL1_HUMAN_3PL7_A_holo,B2CL1_HUMAN_4CIN_A_holo,B2CL1_HUMAN_4HNJ_A_holo,B2CL1_HUMAN_4QVE_A_holo,B2CL1_HUMAN_4QVF_A_holo,B2CL1_HUMAN_5FMK_A_holo,B2LA1_HUMAN_2VM6_A_holo,B2LA1_HUMAN_3MQP_A_holo,B2LA1_HUMAN_4ZEQ_A_holo,B2LA1_HUMAN_5UUK_A_holo,B2LA1_HUMAN_5UUL_A_holo,B2LA1_HUMAN_5UUP_A_holo,MCL1_HUMAN_2KBW_A_holo,MCL1_HUMAN_2NL9_A_holo,MCL1_HUMAN_2PQK_A_holo,MCL1_HUMAN_3D7V_A_holo,MCL1_HUMAN_3IO9_A_holo,MCL1_HUMAN_3KJ0_A_holo,MCL1_HUMAN_3KJ1_A_holo,MCL1_HUMAN_3KJ2_A_holo,MCL1_HUMAN_3KZ0_A_holo,MCL1_HUMAN_3KZ0_B_holo,MCL1_HUMAN_3PK1_A_holo,MCL1_HUMAN_3PK1_C_holo,MCL1_HUMAN_5C3F_A_holo,MCL1_HUMAN_5C6H_A_holo,MCL1_HUMAN_5C6H_C_holo,MCL1_HUMAN_5C6H_E_holo,MCL1_HUMAN_5C6H_G_holo,MCL1_HUMAN_5C6H_I_holo,MCL1_HUMAN_5C6H_K_holo,MCL1_HUMAN_5C6H_M_holo,MCL1_HUMAN_5C6H_O_holo,MCL1_HUMAN_5C6H_Q_holo,MCL1_HUMAN_5C6H_S_holo,MCL1_HUMAN_5C6H_U_holo,MCL1_HUMAN_5C6H_W_holo,MCL1_HUMAN_5UUM_A_holo,MCL1_HUMAN_5UUM_B_holo
B2CL1_HUMAN_1G5J_A_holo,0.0,4.53420023959,2.51984436816,2.49283826563,2.55602665312,2.504864295,2.74335511307,2.36931868107,1.60863996527,1.84815237713,2.33620451467,1.60705732956,2.49388890584,2.63195890176,2.96769979166,2.63481266509,2.55648301351,2.52970612879,2.66774471033,2.56903241379,2.61661831843,2.74477255432,2.39715871409,2.37516082793,2.49536088898,2.48722127592,2.41320263528,2.33709185778,2.48565694213,2.38195533839,2.32614359399,2.43182277578,2.42839246425,2.33768772988,2.47961270626,2.41590511292,2.49393128523,2.40959911007,2.45293919158,2.42534734419,2.41176141008,2.36485503836,2.4683443801,2.39874011054,2.34671395856,2.50625649859,2.76791718583,2.74924782731
B2CL1_HUMAN_2M04_A_holo,4.53420023959,0.0,3.2857296771,3.28488952941,3.30127578748,3.30757871684,3.10331592917,3.17887989059,3.33635162091,3.38400371895,3.62613423081,3.27196186029,3.53853014097,3.06759730345,4.74576375312,3.79288983435,3.93006842162,3.89253355073,3.89716169392,3.84517707777,3.65600794817,3.78262447309,3.73563347454,3.69169243889,3.7500582462,3.88678930889,3.71460022238,3.76692617995,3.90067626507,3.79715576454,3.77443878445,3.86856268519,3.87149167159,3.81313006883,3.99715824463,3.96160941535,3.96987813232,3.94066820651,3.93019782229,3.94852551574,3.92172441938,3.98120746596,3.92343461545,3.92957059715,3.8701200449,3.9593823253,3.9762808605,3.94150445456
B2CL1_HUMAN_2P1L_A_holo,2.51984436816,3.2857296771,0.0,0.192786849794,0.208053155056,0.251905694489,1.61508675281,1.35748482813,1.61920848307,1.28555401492,1.84929796671,1.64976773646,1.61128771392,0.692482347802,1.48137023212,2.14783973645,2.40455283134,2.30334627787,2.34219668611,2.34728938813,2.28603488352,2.191641201,1.96675111992,1.94047441864,1.99892957239,2.12169851207,2.06887686009,1.9996689853,1.97958758461,2.0189364626,2.01589600704,2.10352511803,2.10271437615,2.04195349193,2.0725603919,2.03568946499,2.09793472873,2.06245711728,2.34964614063,2.1934380297,2.03943305222,2.03812523519,2.05536377209,2.04510163351,2.0512195669,2.30485045633,2.65725115045,2.35461839629
B2CL1_HUMAN_2P1L_C_holo,2.49283826563,3.28488952941,0.192786849794,0.0,0.243811260605,0.180524299736,1.6649491816,1.33579289959,1.57454529787,1.23472523313,1.82071341898,1.61212124701,1.61291790781,0.722771729988,1.52692273806,2.15167332127,2.39089778149,2.29618743176,2.33152324091,2.34702110766,2.27064874803,2.16423755921,1.93703763966,1.90961207109,1.97084524151,2.08703563709,2.03965416336,1.97313632014,1.95467630395,1.99525725395,1.99203457964,2.07545847801,2.07437661733,2.01997341892,2.05176513479,2.00866767599,2.06637427757,2.03206473562,2.32105724704,2.16203258806,2.0078660146,2.00727150089,2.02582176652,2.01573704138,2.02772649167,2.2786522795,2.6256996297,2.31770811496
B2CL1_HUMAN_2P1L_E_holo,2.55602665312,3.30127578748,0.208053155056,0.243811260605,0.0,0.2232373419,1.64435401835,1.34838857904,1.64543811374,1.30552271017,1.84760509081,1.6603468927,1.68775640921,0.651253905731,1.50940076681,2.16069678035,2.42211105261,2.32089040689,2.35447119708,2.36079523876,2.29305136905,2.18713223441,1.97848402108,1.95008096305,2.01178515423,2.1365605768,2.08622003027,2.01197010737,1.99475098468,2.02971821066,2.02970421574,2.12026540604,2.11925887811,2.06936524348,2.08975108612,2.06001957625,2.12206325717,2.09050493972,2.37887936094,2.21590281841,2.0663079051,2.0654823117,2.07771972432,2.0695522107,2.06430021283,2.33253617321,2.67635035902,2.35497231021
B2CL1_HUMAN_2P1L_G_holo,2.504864295,3.30757871684,0.251905694489,0.180524299736,0.2232373419,0.0,1.67996569279,1.31952532183,1.5833162641,1.23610623575,1.83206565615,1.60781138174,1.65740895035,0.699262145697,1.55315392154,2.17351374379,2.4110108691,2.3151188657,2.34748582432,2.36229250348,2.28108403971,2.15959912239,1.9356550566,1.90873582762,1.96901168145,2.0832941433,2.04241282315,1.97322338056,1.95638877087,1.99707484506,1.9970564076,2.08133420063,2.08029580714,2.03376346753,2.04795051108,2.01223804875,2.07305895753,2.03447596934,2.32136156829,2.16456446262,2.01142990484,2.01199137227,2.02572006615,2.01568588858,2.02356242742,2.28180914519,2.61752453837,2.30505728261
B2CL1_HUMAN_2PON_B_holo,2.74335511307,3.10331592917,1.61508675281,1.6649491816,1.64435401835,1.67996569279,0.0,2.14036042528,2.40477224719,2.20258374908,2.71131926502,2.17248016843,1.52747526336,1.59767541973,1.04457499725,2.60426407447,2.70050547244,2.62757490688,2.66874263792,2.51653260902,2.53022875307,3.06119689996,2.60137195566,2.58881596608,2.65501481492,2.74701160868,2.68696380797,2.61930436927,2.61027832689,2.5881792891,2.5772860727,2.72337381838,2.72403228312,2.66631126668,2.70094489724,2.68666537294,2.81048101014,2.72190660845,2.73055256473,2.67420611942,2.68227883959,2.69454104448,2.70052901855,2.68201249149,2.71311834087,2.75414432488,3.11110182247,3.12391017762
B2CL1_HUMAN_3FDL_A_holo,2.36931868107,3.17887989059,1.35748482813,1.33579289959,1.34838857904,1.31952532183,2.14036042528,0.0,1.28639173716,0.984976433787,1.36629753487,1.76770339102,2.03971256942,1.35690584831,1.95388167825,2.2129706746,2.19744749917,2.15651065466,2.1322073952,2.01815127646,2.00576602073,1.64311120108,1.53455880743,1.53085851738,1.52243020004,1.75712883441,1.63028118312,1.63737401738,1.54688772788,1.67887875917,1.70420343576,1.71123495903,1.70920331343,1.73132551861,1.72531307916,1.69026239663,1.71074346141,1.69377895215,1.76549924352,1.65612058735,1.66461114371,1.67796563147,1.67711710883,1.6869996961,1.72832570784,1.72583526075,2.25339245679,2.23481022556
B2CL1_HUMAN_3IO8_A_holo,1.60863996527,3.33635162091,1.61920848307,1.57454529787,1.64543811374,1.5833162641,2.40477224719,1.28639173716,0.0,0.933671808054,1.37422314115,1.00001461587,2.04481521158,1.7900209364,2.26711542062,2.10309820063,2.02072440074,2.01445847453,2.09890410742,2.03856203617,1.94943915893,1.81641289158,1.63785834256,1.64984065397,1.68129326615,1.74841106248,1.68083744358,1.65529531302,1.65374968579,1.69921207865,1.67540985278,1.70692320252,1.70028634592,1.70156859734,1.74259739015,1.71041975869,1.7177367426,1.70507292145,1.76106816373,1.64925053697,1.68392109894,1.66788238347,1.71716024366,1.70397905136,1.66730970351,1.76830764308,1.88596943593,1.88097494037
B2CL1_HUMAN_3PL7_A_holo,1.84815237713,3.38400371895,1.28555401492,1.23472523313,1.30552271017,1.23610623575,2.20258374908,0.984976433787,0.933671808054,0.0,1.39655213251,1.19818876187,1.94050573477,1.54938552446,2.08747940861,2.15192236335,2.11138442537,2.06240177221,2.10884099646,2.08405374031,2.02574749351,1.67196114685,1.45903267512,1.44049668938,1.49903374063,1.59286318225,1.57128469215,1.49182878574,1.50428771097,1.52586131859,1.51863540711,1.56401297455,1.56157357435,1.54137542885,1.58124398506,1.54438383036,1.56330466279,1.55112288945,1.60500238016,1.51164796691,1.52685114583,1.52674372487,1.54720340657,1.53351971178,1.53141382969,1.59726747368,1.83973762404,1.82944737454
B2CL1_HUMAN_4CIN_A_holo,2.33620451467,3.62613423081,1.84929796671,1.82071341898,1.84760509081,1.83206565615,2.71131926502,1.36629753487,1.37422314115,1.39655213251,0.0,1.78142785444,2.41185783972,2.0682192688,2.57438763148,2.17726421897,2.06584876207,2.06270453691,2.01888833212,2.04728362388,2.00580939541,1.82794697388,1.68123432255,1.69609824174,1.65311342709,1.74810360495,1.88219429234,1.69266212173,1.63926764834,1.79607785089,1.76563243151,1.77633925965,1.76693993654,1.80280792318,1.88435616945,1.835373425,1.87649638523,1.83872235331,1.8973529365,1.8211085562,1.84970140313,1.8100134461,1.87473910319,1.85720146361,1.84242762548,1.89486275514,1.84927044672,1.85489818411
B2CL1_HUMAN_4HNJ_A_holo,1.60705732956,3.27196186029,1.64976773646,1.61212124701,1.6603468927,1.60781138174,2.17248016843,1.76770339102,1.00001461587,1.19818876187,1.78142785444,0.0,2.06920695581,1.80636098566,2.20204261996,2.23519757479,2.12203283165,2.10930208279,2.25305624863,2.10162230947,2.06253791324,2.18363990027,1.75076042623,1.75604616064,1.81518276846,1.88348577048,1.8260822029,1.73842357822,1.79381459204,1.80055486552,1.7624623701,1.79112688918,1.79122328146,1.7364995992,1.78270640822,1.69903753238,1.74551068963,1.68135811939,1.74841010313,1.67184552219,1.66723850273,1.66018595413,1.73726464278,1.67388969185,1.69766903635,1.75075008992,2.01861204958,2.04934246052
B2CL1_HUMAN_4QVE_A_holo,2.49388890584,3.53853014097,1.61128771392,1.61291790781,1.68775640921,1.65740895035,1.52747526336,2.03971256942,2.04481521158,1.94050573477,2.41185783972,2.06920695581,0.0,1.84072291315,1.41764650864,2.28347588273,2.49923110819,2.44969961349,2.45486727954,2.4519755503,2.40185744141,2.89919352096,2.41330017635,2.40179860894,2.4894753616,2.52109442944,2.50001746765,2.42087990687,2.43669769969,2.42353124035,2.40398426079,2.5172251901,2.51611529471,2.43152808366,2.50716800785,2.47027289904,2.59576135372,2.49194411022,2.68822918876,2.58463130831,2.48346937655,2.45035931786,2.50980989209,2.49001902945,2.49693759161,2.71749223894,2.97067548732,2.73982154349
B2CL1_HUMAN_4QVF_A_holo,2.63195890176,3.06759730345,0.692482347802,0.722771729988,0.651253905731,0.699262145697,1.59767541973,1.35690584831,1.7900209364,1.54938552446,2.0682192688,1.80636098566,1.84072291315,0.0,1.38566312862,2.33091265328,2.45499855439,2.35990517046,2.32669227394,2.26607506632,2.15994313973,2.23296018051,2.12744864033,2.10275391444,2.11336022183,2.32045240921,2.20478896817,2.18922405153,2.13856282655,2.18713827019,2.20901202147,2.29721295006,2.2988119565,2.25312066926,2.2224929129,2.20450629544,2.29874558161,2.24262781039,2.28098013777,2.20231844548,2.22670538721,2.23379095636,2.21056403624,2.20868583405,2.24189818175,2.25742511935,2.56511969424,2.54734924766
B2CL1_HUMAN_5FMK_A_holo,2.96769979166,4.74576375312,1.48137023212,1.52692273806,1.50940076681,1.55315392154,1.04457499725,1.95388167825,2.26711542062,2.08747940861,2.57438763148,2.20204261996,1.41764650864,1.38566312862,0.0,2.56095650154,2.87349651834,2.74159824435,2.770203507,2.67098959098,2.69559553688,2.85751286629,2.55794700888,2.54972281416,2.58043540646,2.69979120486,2.56324502982,2.59536691511,2.54732341956,2.56929313398,2.57408741826,2.64052742008,2.64159396012,2.59884937577,2.64355484854,2.62317185581,2.67682699479,2.63229750105,2.8877498956,2.77175777597,2.60928412908,2.63135809978,2.61404878203,2.59714853693,2.6479954967,2.86256724324,3.18719119057,2.9141527417
B2LA1_HUMAN_2VM6_A_holo,2.63481266509,3.79288983435,2.14783973645,2.15167332127,2.16069678035,2.17351374379,2.60426407447,2.2129706746,2.10309820063,2.15192236335,2.17726421897,2.23519757479,2.28347588273,2.33091265328,2.56095650154,0.0,0.535109310049,0.501241981414,0.664939255686,0.70170968588,0.529934725904,2.23119072839,1.87350940034,1.85497713663,1.84390678561,1.9178248149,1.80634689432,1.78555617284,1.79558351689,1.61795588593,1.57962051938,1.8511413918,1.85514732324,1.61509344033,1.69646275131,1.67187961051,1.7851835906,1.73567586427,1.75502009301,1.71871706081,1.7397510277,1.70894963917,1.76450266012,1.70364494215,1.65779336887,1.76541322395,2.01658943213,1.96896970772
B2LA1_HUMAN_3MQP_A_holo,2.55648301351,3.93006842162,2.40455283134,2.39089778149,2.42211105261,2.4110108691,2.70050547244,2.19744749917,2.02072440074,2.11138442537,2.06584876207,2.12203283165,2.49923110819,2.45499855439,2.87349651834,0.535109310049,0.0,0.331624621645,0.693950331497,0.638130218379,0.491830790598,2.18608982016,1.82599129197,1.80101035916,1.81187942228,1.82889794563,1.71993020596,1.70675839438,1.75565044608,1.57271487554,1.52359989719,1.7173995782,1.71732060727,1.51235938752,1.69453461941,1.65292407639,1.72906059198,1.68889684954,1.72225375317,1.66935631822,1.70836402248,1.64614795177,1.74373732741,1.67941381932,1.60845494787,1.7486946955,1.82049969826,1.76650615027
B2LA1_HUMAN_4ZEQ_A_holo,2.52970612879,3.89253355073,2.30334627787,2.29618743176,2.32089040689,2.3151188657,2.62757490688,2.15651065466,2.01445847453,2.06240177221,2.06270453691,2.10930208279,2.44969961349,2.35990517046,2.74159824435,0.501241981414,0.331624621645,0.0,0.653215570652,0.628700142677,0.417574559047,2.19130261561,1.83308838267,1.80381666777,1.81313406351,1.84319903618,1.71128405376,1.71392920196,1.74475018099,1.56325655282,1.51722055266,1.71646921037,1.71639952988,1.4953762589,1.67121858815,1.63915482822,1.69034655706,1.68670623136,1.71931770494,1.66354652125,1.69429097719,1.66052819409,1.72711666844,1.66517438193,1.59359781852,1.72339921804,1.78750598321,1.71316961626
B2LA1_HUMAN_5UUK_A_holo,2.66774471033,3.89716169392,2.34219668611,2.33152324091,2.35447119708,2.34748582432,2.66874263792,2.1322073952,2.09890410742,2.10884099646,2.01888833212,2.25305624863,2.45486727954,2.32669227394,2.770203507,0.664939255686,0.693950331497,0.653215570652,0.0,0.703162312832,0.531608199955,2.19251576513,1.84293011933,1.80909126894,1.7911958317,1.84226623798,1.77635971407,1.7504311168,1.74208827531,1.61022200449,1.58085815679,1.77377847667,1.77697019243,1.57514072983,1.69269681791,1.65016251253,1.74187210004,1.70268559037,1.73467103111,1.69512779576,1.7051769691,1.67473319585,1.74643699003,1.68900652985,1.65116813093,1.73749908466,1.92162481921,1.82679696872
B2LA1_HUMAN_5UUL_A_holo,2.56903241379,3.84517707777,2.34728938813,2.34702110766,2.36079523876,2.36229250348,2.51653260902,2.01815127646,2.03856203617,2.08405374031,2.04728362388,2.10162230947,2.4519755503,2.26607506632,2.67098959098,0.70170968588,0.638130218379,0.628700142677,0.703162312832,0.0,0.537186903124,2.09080873102,1.81181528021,1.78674694151,1.75490253462,1.8656639476,1.67022295005,1.71279311083,1.70844319994,1.57542122269,1.55268684103,1.73215125854,1.73122391391,1.49286800792,1.64673479743,1.62775244766,1.72079230469,1.6571128586,1.68767246135,1.65321853757,1.66809456065,1.64116307405,1.69954377746,1.63266285823,1.56646711764,1.68041985102,1.76845790173,1.70124037247
B2LA1_HUMAN_5UUP_A_holo,2.61661831843,3.65600794817,2.28603488352,2.27064874803,2.29305136905,2.28108403971,2.53022875307,2.00576602073,1.94943915893,2.02574749351,2.00580939541,2.06253791324,2.40185744141,2.15994313973,2.69559553688,0.529934725904,0.491830790598,0.417574559047,0.531608199955,0.537186903124,0.0,2.14858822648,1.77629479331,1.74572677841,1.76916534367,1.82426909424,1.73822544988,1.67607578103,1.70913830718,1.57707253636,1.5363887026,1.74821440203,1.74784201922,1.55269548084,1.67409922561,1.64561590091,1.74858977998,1.70302317418,1.72335084959,1.65550204336,1.70808862517,1.68135417851,1.7230882636,1.68774768664,1.61934545066,1.71675306383,1.72610499012,1.69006259465
MCL1_HUMAN_2KBW_A_holo,2.74477255432,3.78262447309,2.191641201,2.16423755921,2.18713223441,2.15959912239,3.06119689996,1.64311120108,1.81641289158,1.67196114685,1.82794697388,2.18363990027,2.89919352096,2.23296018051,2.85751286629,2.23119072839,2.18608982016,2.19130261561,2.19251576513,2.09080873102,2.14858822648,0.0,1.31563132406,1.30556333312,1.20914721211,1.38993725915,1.33954416178,1.39261740462,1.26275783069,1.3495288928,1.39418202307,1.43781440087,1.43885163643,1.49841966599,1.39614577731,1.38097959981,1.36827264119,1.39035814315,1.35866408836,1.3909352564,1.38187622911,1.36389596886,1.35575353143,1.35188236231,1.37932512351,1.34807835639,1.81468239222,1.75587796333
MCL1_HUMAN_2NL9_A_holo,2.39715871409,3.73563347454,1.96675111992,1.93703763966,1.97848402108,1.9356550566,2.60137195566,1.53455880743,1.63785834256,1.45903267512,1.68123432255,1.75076042623,2.41330017635,2.12744864033,2.55794700888,1.87350940034,1.82599129197,1.83308838267,1.84293011933,1.81181528021,1.77629479331,1.31563132406,0.0,0.21992587561,0.494820752938,0.616304213256,0.907625928763,0.352225164177,0.550186108201,0.606807423766,0.615177249639,0.7360825171,0.738973942937,0.763397720173,0.764210930696,0.748681910655,0.88227671548,0.819087323192,0.778675319694,0.767454930621,0.763764282378,0.71945606226,0.786512520365,0.764871341728,0.74054037852,0.800277398097,0.861372331298,0.815793432875
MCL1_HUMAN_2PQK_A_holo,2.37516082793,3.69169243889,1.94047441864,1.90961207109,1.95008096305,1.90873582762,2.58881596608,1.53085851738,1.64984065397,1.44049668938,1.69609824174,1.75604616064,2.40179860894,2.10275391444,2.54972281416,1.85497713663,1.80101035916,1.80381666777,1.80909126894,1.78674694151,1.74572677841,1.30556333312,0.21992587561,0.0,0.435503076022,0.482793978694,0.850949780656,0.242505152113,0.453689123019,0.528354369838,0.530446582322,0.661693953633,0.664566968796,0.718485634276,0.710498994508,0.682890964809,0.839242097451,0.763787587529,0.706459815754,0.703264799813,0.695278310133,0.665850644612,0.722752933504,0.703546576354,0.693323438312,0.733930567209,0.792590616076,0.768629918966
MCL1_HUMAN_3D7V_A_holo,2.49536088898,3.7500582462,1.99892957239,1.97084524151,2.01178515423,1.96901168145,2.65501481492,1.52243020004,1.68129326615,1.49903374063,1.65311342709,1.81518276846,2.4894753616,2.11336022183,2.58043540646,1.84390678561,1.81187942228,1.81313406351,1.7911958317,1.75490253462,1.76916534367,1.20914721211,0.494820752938,0.435503076022,0.0,0.556145166815,0.832222980516,0.469522680359,0.25175395465,0.478591015692,0.537904729766,0.709032422279,0.714498084111,0.677614544637,0.646941219583,0.635131428741,0.821004317109,0.714705104256,0.642915061897,0.669381201114,0.649477161917,0.674074718115,0.664573494943,0.644215057129,0.694263810948,0.64890908038,0.713108123942,0.694604814802
MCL1_HUMAN_3IO9_A_holo,2.48722127592,3.88678930889,2.12169851207,2.08703563709,2.1365605768,2.0832941433,2.74701160868,1.75712883441,1.74841106248,1.59286318225,1.74810360495,1.88348577048,2.52109442944,2.32045240921,2.69979120486,1.9178248149,1.82889794563,1.84319903618,1.84226623798,1.8656639476,1.82426909424,1.38993725915,0.616304213256,0.482793978694,0.556145166815,0.0,0.851419214176,0.500934326668,0.480285056503,0.593036032792,0.593433363642,0.578014304527,0.578702613581,0.748233543654,0.757655453718,0.726521234105,0.867344793304,0.770556427338,0.732213478942,0.731354108304,0.713620446602,0.702036329001,0.759284071837,0.75181344528,0.761107925772,0.759868261821,0.690922810198,0.69914703223
MCL1_HUMAN_3KJ0_A_holo,2.41320263528,3.71460022238,2.06887686009,2.03965416336,2.08622003027,2.04241282315,2.68696380797,1.63028118312,1.68083744358,1.57128469215,1.88219429234,1.8260822029,2.50001746765,2.20478896817,2.56324502982,1.80634689432,1.71993020596,1.71128405376,1.77635971407,1.67022295005,1.73822544988,1.33954416178,0.907625928763,0.850949780656,0.832222980516,0.851419214176,0.0,0.834154838546,0.803586608538,0.853803727604,0.858917477017,0.64802863505,0.654836344301,0.725356580492,0.725079983447,0.704608627085,0.699758419207,0.56674430189,0.693383174662,0.635079816903,0.61651712801,0.638343519882,0.619829585772,0.619074436096,0.71768563214,0.662053553409,0.903176957844,0.883533891761
MCL1_HUMAN_3KJ1_A_holo,2.33709185778,3.76692617995,1.9996689853,1.97313632014,2.01197010737,1.97322338056,2.61930436927,1.63737401738,1.65529531302,1.49182878574,1.69266212173,1.73842357822,2.42087990687,2.18922405153,2.59536691511,1.78555617284,1.70675839438,1.71392920196,1.7504311168,1.71279311083,1.67607578103,1.39261740462,0.352225164177,0.242505152113,0.469522680359,0.500934326668,0.834154838546,0.0,0.457973947567,0.460804682304,0.446521336657,0.664527549066,0.667224358097,0.674803288206,0.725102108564,0.65156699869,0.843948163205,0.738638392393,0.671649682455,0.680825624962,0.679913271833,0.638954697188,0.708728483253,0.728718943215,0.716822975278,0.699133581869,0.878024055616,0.869291373226
MCL1_HUMAN_3KJ2_A_holo,2.48565694213,3.90067626507,1.97958758461,1.95467630395,1.99475098468,1.95638877087,2.61027832689,1.54688772788,1.65374968579,1.50428771097,1.63926764834,1.79381459204,2.43669769969,2.13856282655,2.54732341956,1.79558351689,1.75565044608,1.74475018099,1.74208827531,1.70844319994,1.70913830718,1.26275783069,0.550186108201,0.453689123019,0.25175395465,0.480285056503,0.803586608538,0.457973947567,0.0,0.414344292718,0.455941985424,0.664784256247,0.667769654155,0.709970272985,0.68548724005,0.625953539399,0.803180336323,0.691979872471,0.626085697349,0.652160660779,0.633557359223,0.665467566438,0.65420046121,0.689196545578,0.723319072815,0.632118724775,0.838997242848,0.842804354921
MCL1_HUMAN_3KZ0_A_holo,2.38195533839,3.79715576454,2.0189364626,1.99525725395,2.02971821066,1.99707484506,2.5881792891,1.67887875917,1.69921207865,1.52586131859,1.79607785089,1.80055486552,2.42353124035,2.18713827019,2.56929313398,1.61795588593,1.57271487554,1.56325655282,1.61022200449,1.57542122269,1.57707253636,1.3495288928,0.606807423766,0.528354369838,0.478591015692,0.593036032792,0.853803727604,0.460804682304,0.414344292718,0.0,0.172454291474,0.730290457759,0.737474726722,0.586809451453,0.616051984888,0.576702681299,0.846888504625,0.715760155833,0.618259850638,0.660905404061,0.670219790435,0.63625610607,0.663322063462,0.61704257506,0.621557390662,0.664943562999,0.769856626472,0.762346408346
MCL1_HUMAN_3KZ0_B_holo,2.32614359399,3.77443878445,2.01589600704,1.99203457964,2.02970421574,1.9970564076,2.5772860727,1.70420343576,1.67540985278,1.51863540711,1.76563243151,1.7624623701,2.40398426079,2.20901202147,2.57408741826,1.57962051938,1.52359989719,1.51722055266,1.58085815679,1.55268684103,1.5363887026,1.39418202307,0.615177249639,0.530446582322,0.537904729766,0.593433363642,0.858917477017,0.446521336657,0.455941985424,0.172454291474,0.0,0.707409491196,0.712584201526,0.560108074895,0.612769079972,0.560738827046,0.835259084683,0.705006700364,0.625723175419,0.651647825492,0.657843418209,0.630949415106,0.659958729394,0.617791717217,0.602628853095,0.673139342921,0.776923642867,0.784617067508
MCL1_HUMAN_3PK1_A_holo,2.43182277578,3.86856268519,2.10352511803,2.07545847801,2.12026540604,2.08133420063,2.72337381838,1.71123495903,1.70692320252,1.56401297455,1.77633925965,1.79112688918,2.5172251901,2.29721295006,2.64052742008,1.8511413918,1.7173995782,1.71646921037,1.77377847667,1.73215125854,1.74821440203,1.43781440087,0.7360825171,0.661693953633,0.709032422279,0.578014304527,0.64802863505,0.664527549066,0.664784256247,0.730290457759,0.707409491196,0.0,0.03339903053,0.598445017579,0.686069214105,0.647711507039,0.691703449112,0.610426990912,0.669773666633,0.577279601634,0.575969866014,0.534922614481,0.654586413689,0.626597051548,0.606714099023,0.64223669971,0.792356038966,0.799558704657
MCL1_HUMAN_3PK1_C_holo,2.42839246425,3.87149167159,2.10271437615,2.07437661733,2.11925887811,2.08029580714,2.72403228312,1.70920331343,1.70028634592,1.56157357435,1.76693993654,1.79122328146,2.51611529471,2.2988119565,2.64159396012,1.85514732324,1.71732060727,1.71639952988,1.77697019243,1.73122391391,1.74784201922,1.43885163643,0.738973942937,0.664566968796,0.714498084111,0.578702613581,0.654836344301,0.667224358097,0.667769654155,0.737474726722,0.712584201526,0.03339903053,0.0,0.597334578472,0.696656185598,0.65941525331,0.700245980816,0.619983568472,0.682252590112,0.587080431063,0.587214583443,0.543846126567,0.665521084732,0.638456746434,0.614481606253,0.655669306264,0.803080093427,0.810164725804
MCL1_HUMAN_5C3F_A_holo,2.33768772988,3.81313006883,2.04195349193,2.01997341892,2.06936524348,2.03376346753,2.66631126668,1.73132551861,1.70156859734,1.54137542885,1.80280792318,1.7364995992,2.43152808366,2.25312066926,2.59884937577,1.61509344033,1.51235938752,1.4953762589,1.57514072983,1.49286800792,1.55269548084,1.49841966599,0.763397720173,0.718485634276,0.677614544637,0.748233543654,0.725356580492,0.674803288206,0.709970272985,0.586809451453,0.560108074895,0.598445017579,0.597334578472,0.0,0.624871943042,0.6068725405,0.770806184438,0.647850913952,0.655488892576,0.618683870307,0.609883233692,0.594102068374,0.649466218931,0.597509988786,0.589818596224,0.642807860322,0.852955447596,0.86220432396
MCL1_HUMAN_5C6H_A_holo,2.47961270626,3.99715824463,2.0725603919,2.05176513479,2.08975108612,2.04795051108,2.70094489724,1.72531307916,1.74259739015,1.58124398506,1.88435616945,1.78270640822,2.50716800785,2.2224929129,2.64355484854,1.69646275131,1.69453461941,1.67121858815,1.69269681791,1.64673479743,1.67409922561,1.39614577731,0.764210930696,0.710498994508,0.646941219583,0.757655453718,0.725079983447,0.725102108564,0.68548724005,0.616051984888,0.612769079972,0.686069214105,0.696656185598,0.624871943042,0.0,0.257370650397,0.564269420532,0.391403710877,0.372579060651,0.345801444818,0.311223952803,0.395698150514,0.284666004006,0.304624948533,0.410979167722,0.341626203498,1.15551357512,1.12234789871
MCL1_HUMAN_5C6H_C_holo,2.41590511292,3.96160941535,2.03568946499,2.00866767599,2.06001957625,2.01223804875,2.68666537294,1.69026239663,1.71041975869,1.54438383036,1.835373425,1.69903753238,2.47027289904,2.20450629544,2.62317185581,1.67187961051,1.65292407639,1.63915482822,1.65016251253,1.62775244766,1.64561590091,1.38097959981,0.748681910655,0.682890964809,0.635131428741,0.726521234105,0.704608627085,0.65156699869,0.625953539399,0.576702681299,0.560738827046,0.647711507039,0.65941525331,0.6068725405,0.257370650397,0.0,0.538883551214,0.325430966715,0.340523767555,0.3570357773,0.325207961931,0.309523484079,0.276780030598,0.259979879902,0.359005625283,0.355073074298,0.717437601937,0.72139142847
MCL1_HUMAN_5C6H_E_holo,2.49393128523,3.96987813232,2.09793472873,2.06637427757,2.12206325717,2.07305895753,2.81048101014,1.71074346141,1.7177367426,1.56330466279,1.87649638523,1.74551068963,2.59576135372,2.29874558161,2.67682699479,1.7851835906,1.72906059198,1.69034655706,1.74187210004,1.72079230469,1.74858977998,1.36827264119,0.88227671548,0.839242097451,0.821004317109,0.867344793304,0.699758419207,0.843948163205,0.803180336323,0.846888504625,0.835259084683,0.691703449112,0.700245980816,0.770806184438,0.564269420532,0.538883551214,0.0,0.475312790094,0.586114008834,0.475784903878,0.456737221911,0.56370649457,0.456150785423,0.469266768377,0.541446260687,0.494611424129,0.855728132396,0.858802760577
MCL1_HUMAN_5C6H_G_holo,2.40959911007,3.94066820651,2.06245711728,2.03206473562,2.09050493972,2.03447596934,2.72190660845,1.69377895215,1.70507292145,1.55112288945,1.83872235331,1.68135811939,2.49194411022,2.24262781039,2.63229750105,1.73567586427,1.68889684954,1.68670623136,1.70268559037,1.6571128586,1.70302317418,1.39035814315,0.819087323192,0.763787587529,0.714705104256,0.770556427338,0.56674430189,0.738638392393,0.691979872471,0.715760155833,0.705006700364,0.610426990912,0.619983568472,0.647850913952,0.391403710877,0.325430966715,0.475312790094,0.0,0.382203479479,0.325869952564,0.320469272741,0.373853618673,0.256244805933,0.253405984136,0.363279757286,0.308175416842,0.775319013767,0.764491317887
MCL1_HUMAN_5C6H_I_holo,2.45293919158,3.93019782229,2.34964614063,2.32105724704,2.37887936094,2.32136156829,2.73055256473,1.76549924352,1.76106816373,1.60500238016,1.8973529365,1.74841010313,2.68822918876,2.28098013777,2.8877498956,1.75502009301,1.72225375317,1.71931770494,1.73467103111,1.68767246135,1.72335084959,1.35866408836,0.778675319694,0.706459815754,0.642915061897,0.732213478942,0.693383174662,0.671649682455,0.626085697349,0.618259850638,0.625723175419,0.669773666633,0.682252590112,0.655488892576,0.372579060651,0.340523767555,0.586114008834,0.382203479479,0.0,0.463544181483,0.36779282725,0.379864364207,0.348680451207,0.309799224655,0.375053103939,0.317914482038,0.838592753105,0.758397566726
MCL1_HUMAN_5C6H_K_holo,2.42534734419,3.94852551574,2.1934380297,2.16203258806,2.21590281841,2.16456446262,2.67420611942,1.65612058735,1.64925053697,1.51164796691,1.8211085562,1.67184552219,2.58463130831,2.20231844548,2.77175777597,1.71871706081,1.66935631822,1.66354652125,1.69512779576,1.65321853757,1.65550204336,1.3909352564,0.767454930621,0.703264799813,0.669381201114,0.731354108304,0.635079816903,0.680825624962,0.652160660779,0.660905404061,0.651647825492,0.577279601634,0.587080431063,0.618683870307,0.345801444818,0.3570357773,0.475784903878,0.325869952564,0.463544181483,0.0,0.21384885706,0.36262533307,0.293680558663,0.281385675909,0.337148909574,0.361940227845,0.892799356219,0.747267610587
MCL1_HUMAN_5C6H_M_holo,2.41176141008,3.92172441938,2.03943305222,2.0078660146,2.0663079051,2.01142990484,2.68227883959,1.66461114371,1.68392109894,1.52685114583,1.84970140313,1.66723850273,2.48346937655,2.22670538721,2.60928412908,1.7397510277,1.70836402248,1.69429097719,1.7051769691,1.66809456065,1.70808862517,1.38187622911,0.763764282378,0.695278310133,0.649477161917,0.713620446602,0.61651712801,0.679913271833,0.633557359223,0.670219790435,0.657843418209,0.575969866014,0.587214583443,0.609883233692,0.311223952803,0.325207961931,0.456737221911,0.320469272741,0.36779282725,0.21384885706,0.0,0.379803946976,0.2490616025,0.245630436481,0.370269436541,0.250254544113,0.724235629183,0.719489030414
MCL1_HUMAN_5C6H_O_holo,2.36485503836,3.98120746596,2.03812523519,2.00727150089,2.0654823117,2.01199137227,2.69454104448,1.67796563147,1.66788238347,1.52674372487,1.8100134461,1.66018595413,2.45035931786,2.23379095636,2.63135809978,1.70894963917,1.64614795177,1.66052819409,1.67473319585,1.64116307405,1.68135417851,1.36389596886,0.71945606226,0.665850644612,0.674074718115,0.702036329001,0.638343519882,0.638954697188,0.665467566438,0.63625610607,0.630949415106,0.534922614481,0.543846126567,0.594102068374,0.395698150514,0.309523484079,0.56370649457,0.373853618673,0.379864364207,0.36262533307,0.379803946976,0.0,0.377534555732,0.353390888915,0.385074970168,0.409631926557,0.766438670907,0.757034804179
MCL1_HUMAN_5C6H_Q_holo,2.4683443801,3.92343461545,2.05536377209,2.02582176652,2.07771972432,2.02572006615,2.70052901855,1.67711710883,1.71716024366,1.54720340657,1.87473910319,1.73726464278,2.50980989209,2.21056403624,2.61404878203,1.76450266012,1.74373732741,1.72711666844,1.74643699003,1.69954377746,1.7230882636,1.35575353143,0.786512520365,0.722752933504,0.664573494943,0.759284071837,0.619829585772,0.708728483253,0.65420046121,0.663322063462,0.659958729394,0.654586413689,0.665521084732,0.649466218931,0.284666004006,0.276780030598,0.456150785423,0.256244805933,0.348680451207,0.293680558663,0.2490616025,0.377534555732,0.0,0.199853586529,0.361304330468,0.286322886596,0.762825969537,0.761532494487
MCL1_HUMAN_5C6H_S_holo,2.39874011054,3.92957059715,2.04510163351,2.01573704138,2.0695522107,2.01568588858,2.68201249149,1.6869996961,1.70397905136,1.53351971178,1.85720146361,1.67388969185,2.49001902945,2.20868583405,2.59714853693,1.70364494215,1.67941381932,1.66517438193,1.68900652985,1.63266285823,1.68774768664,1.35188236231,0.764871341728,0.703546576354,0.644215057129,0.75181344528,0.619074436096,0.728718943215,0.689196545578,0.61704257506,0.617791717217,0.626597051548,0.638456746434,0.597509988786,0.304624948533,0.259979879902,0.469266768377,0.253405984136,0.309799224655,0.281385675909,0.245630436481,0.353390888915,0.199853586529,0.0,0.308250931475,0.22390961248,0.850257565355,0.85438464739
MCL1_HUMAN_5C6H_U_holo,2.34671395856,3.8701200449,2.0512195669,2.02772649167,2.06430021283,2.02356242742,2.71311834087,1.72832570784,1.66730970351,1.53141382969,1.84242762548,1.69766903635,2.49693759161,2.24189818175,2.6479954967,1.65779336887,1.60845494787,1.59359781852,1.65116813093,1.56646711764,1.61934545066,1.37932512351,0.74054037852,0.693323438312,0.694263810948,0.761107925772,0.71768563214,0.716822975278,0.723319072815,0.621557390662,0.602628853095,0.606714099023,0.614481606253,0.589818596224,0.410979167722,0.359005625283,0.541446260687,0.363279757286,0.375053103939,0.337148909574,0.370269436541,0.385074970168,0.361304330468,0.308250931475,0.0,0.360708260533,1.22295085591,1.19032847823
MCL1_HUMAN_5C6H_W_holo,2.50625649859,3.9593823253,2.30485045633,2.2786522795,2.33253617321,2.28180914519,2.75414432488,1.72583526075,1.76830764308,1.59726747368,1.89486275514,1.75075008992,2.71749223894,2.25742511935,2.86256724324,1.76541322395,1.7486946955,1.72339921804,1.73749908466,1.68041985102,1.71675306383,1.34807835639,0.800277398097,0.733930567209,0.64890908038,0.759868261821,0.662053553409,0.699133581869,0.632118724775,0.664943562999,0.673139342921,0.64223669971,0.655669306264,0.642807860322,0.341626203498,0.355073074298,0.494611424129,0.308175416842,0.317914482038,0.361940227845,0.250254544113,0.409631926557,0.286322886596,0.22390961248,0.360708260533,0.0,0.822089101318,0.736402343379
MCL1_HUMAN_5UUM_A_holo,2.76791718583,3.9762808605,2.65725115045,2.6256996297,2.67635035902,2.61752453837,3.11110182247,2.25339245679,1.88596943593,1.83973762404,1.84927044672,2.01861204958,2.97067548732,2.56511969424,3.18719119057,2.01658943213,1.82049969826,1.78750598321,1.92162481921,1.76845790173,1.72610499012,1.81468239222,0.861372331298,0.792590616076,0.713108123942,0.690922810198,0.903176957844,0.878024055616,0.838997242848,0.769856626472,0.776923642867,0.792356038966,0.803080093427,0.852955447596,1.15551357512,0.717437601937,0.855728132396,0.775319013767,0.838592753105,0.892799356219,0.724235629183,0.766438670907,0.762825969537,0.850257565355,1.22295085591,0.822089101318,0.0,0.255588435339
MCL1_HUMAN_5UUM_B_holo,2.74924782731,3.94150445456,2.35461839629,2.31770811496,2.35497231021,2.30505728261,3.12391017762,2.23481022556,1.88097494037,1.82944737454,1.85489818411,2.04934246052,2.73982154349,2.54734924766,2.9141527417,1.96896970772,1.76650615027,1.71316961626,1.82679696872,1.70124037247,1.69006259465,1.75587796333,0.815793432875,0.768629918966,0.694604814802,0.69914703223,0.883533891761,0.869291373226,0.842804354921,0.762346408346,0.784617067508,0.799558704657,0.810164725804,0.86220432396,1.12234789871,0.72139142847,0.858802760577,0.764491317887,0.758397566726,0.747267610587,0.719489030414,0.757034804179,0.761532494487,0.85438464739,1.19032847823,0.736402343379,0.255588435339,0.0
